<?xml version="1.0"?>
<opencv_storage>
<projection>Stereographic</projection>
<center>
  1.3522279805134608e+03 6.9307426931104703e+02</center>
<img_size>
  2560 1440</img_size>
<f>1.0847349932511711e+03</f>
<f0>832.</f0>
<a>
  2.0373762416029642e-01 4.0786832721950876e-02 -1.7673899320273988e-02
  1.1652600355434278e-02</a>
</opencv_storage>
