<?xml version="1.0"?>
<opencv_storage>
<ImgSize>
  2560 1440</ImgSize>
<CameraInnerParaL type_id="opencv-matrix">
  <rows>3</rows>
  <cols>3</cols>
  <dt>d</dt>
  <data>
    9.2731973274940219e+02 -2.5443837888624748e-01
    1.2852604225480268e+03 0. 9.2668708487513709e+02
    7.1273745281621382e+02 0. 0. 1.</data></CameraInnerParaL>
<CameraDistParaL type_id="opencv-matrix">
  <rows>4</rows>
  <cols>1</cols>
  <dt>d</dt>
  <data>
    -7.1919698045155231e-02 4.6111254493116970e-03
    -6.9659999708794017e-03 1.6484444546747516e-03</data></CameraDistParaL>
<CameraInnerParaR type_id="opencv-matrix">
  <rows>3</rows>
  <cols>3</cols>
  <dt>d</dt>
  <data>
    9.2993522610960486e+02 9.8403787478267155e-02 1.2698829308003023e+03
    0. 9.3138830492561135e+02 7.1385186283365181e+02 0. 0. 1.</data></CameraInnerParaR>
<CameraDistParaR type_id="opencv-matrix">
  <rows>4</rows>
  <cols>1</cols>
  <dt>d</dt>
  <data>
    -7.0409475434891816e-02 7.4414051577600883e-04
    -4.1898072062976363e-03 1.1176477539437089e-03</data></CameraDistParaR>
<RotationL2R type_id="opencv-matrix">
  <rows>3</rows>
  <cols>3</cols>
  <dt>d</dt>
  <data>
    9.9510297947515103e-01 3.2832439160652219e-02
    -9.3231385157784397e-02 -1.8522359210512832e-02
    9.8845228017493680e-01 1.5039618354946718e-01 9.7092648789461916e-02
    -1.4793282514618031e-01 9.8421994330297724e-01</data></RotationL2R>
<TransationL2R type_id="opencv-matrix">
  <rows>3</rows>
  <cols>1</cols>
  <dt>d</dt>
  <data>
    -1.1767392145916229e+02 1.5996496217562159e+01
    1.7622354176874713e+00</data></TransationL2R>
<RMS>9.7429283948620826e-01</RMS>
</opencv_storage>
