<?xml version="1.0"?>
<opencv_storage>
<projection>EquisolidAngle</projection>
<center>
  1.3029725003480021e+03 6.9540983814283538e+02</center>
<img_size>
  2560 1440</img_size>
<f>7.1675472904048979e+02</f>
<f0>832.</f0>
<a>
  -1.6480113833074678e-01 6.3428620988963999e-02 -1.5247203553192703e-02
  2.8862065078858351e-03</a>
</opencv_storage>
