<?xml version="1.0"?>
<opencv_storage>
<projection>Equidistance</projection>
<center>
  1.3237567520545451e+03 7.2576854276309348e+02</center>
<img_size>
  2560 1440</img_size>
<f>8.2501835701458958e+02</f>
<f0>832.</f0>
<a>
  8.1089553806531142e-03 4.9788569657109672e-03 2.4493526874938810e-03
  1.1222001814978561e-03</a>
</opencv_storage>
