<?xml version="1.0"?>
<opencv_storage>
<projection>Equidistance</projection>
<center>
  1.3288759253594599e+03 7.3340922627889438e+02</center>
<img_size>
  2560 1440</img_size>
<f>8.3066160800552814e+02</f>
<f0>832.</f0>
<a>
  7.7362480538242595e-03 4.9749442579377027e-03 2.4335586505430259e-03
  1.1021806132297074e-03</a>
</opencv_storage>
