<?xml version="1.0"?>
<opencv_storage>
<projection>EquisolidAngle</projection>
<center>
  1.2882524245211391e+03 7.2325442235783476e+02</center>
<img_size>
  2560 1440</img_size>
<f>8.5831815970160881e+02</f>
<f0>832.</f0>
<a>
  -1.0094523426605021e-02 1.8441399670522232e-02 -9.7833578002607738e-03
  4.0259148276076779e-03</a>
</opencv_storage>
