<?xml version="1.0"?>
<opencv_storage>
<projection>EquisolidAngle</projection>
<center>
  1.2858214490674995e+03 7.2045968211000968e+02</center>
<img_size>
  2560 1440</img_size>
<f>8.6079016055439945e+02</f>
<f0>832.</f0>
<a>
  -8.4809711696201551e-03 9.7439418907281482e-03 -3.4354043497515146e-03
  2.4627523199416590e-03</a>
</opencv_storage>
