<?xml version="1.0"?>
<opencv_storage>
<projection>Stereographic</projection>
<center>
  1.2980164704135036e+03 7.2317215740230768e+02</center>
<img_size>
  2560 1440</img_size>
<f>9.5153080421287530e+02</f>
<f0>832.</f0>
<a>
  1.3422296990498125e-01 3.1073877610810610e-02 3.5564899617832658e-03
  6.2176377607143785e-03</a>
</opencv_storage>
