<?xml version="1.0"?>
<opencv_storage>
<projection>Stereographic</projection>
<center>
  1.3294240492620527e+03 7.0909887454835211e+02</center>
<img_size>
  2560 1440</img_size>
<f>9.6128627225275955e+02</f>
<f0>832.</f0>
<a>
  1.3729230940894507e-01 2.6885359259302896e-02 1.2284759350815945e-03
  1.2509795814437634e-02</a>
</opencv_storage>
