<?xml version="1.0"?>
<opencv_storage>
<ImgSize>
  2560 1440</ImgSize>
<CameraInnerPara type_id="opencv-matrix">
  <rows>3</rows>
  <cols>3</cols>
  <dt>d</dt>
  <data>
    9.2219631800910031e+02 -3.6056510873275677e-01
    1.2852186661832447e+03 0. 9.2292828556011978e+02
    7.1104729609290200e+02 0. 0. 1.</data></CameraInnerPara>
<CameraDistPara type_id="opencv-matrix">
  <rows>4</rows>
  <cols>1</cols>
  <dt>d</dt>
  <data>
    -1.4792634027953250e-01 2.4059603554927124e-02
    -4.0497617972187474e-03 4.2415593394771415e-04</data></CameraDistPara>
<RMS>3.5870086420817676e-01</RMS>
</opencv_storage>
