<?xml version="1.0"?>
<opencv_storage>
<projection>Stereographic</projection>
<center>
  1.2871821035866005e+03 7.2071481026480012e+02</center>
<img_size>
  2560 1440</img_size>
<f>1.0754918115983294e+03</f>
<f0>832.</f0>
<a>
  1.7472588593930241e-01 1.1696884462139617e-01 -7.3726071757642064e-02
  3.7656866922267086e-02</a>
</opencv_storage>
