<?xml version="1.0"?>
<opencv_storage>
<projection>Stereographic</projection>
<center>
  1.2898901997484932e+03 7.2192121426328777e+02</center>
<img_size>
  2560 1440</img_size>
<f>1.0253364052789914e+03</f>
<f0>832.</f0>
<a>
  1.7479076900631096e-01 9.2066287788588580e-02 -5.4992877670404325e-02
  3.0763325844932948e-02</a>
</opencv_storage>
